camera 10 5 5 10 5 0 0 1 0
screen 80 2 0.3 200#15 30
model 7.5 4.25 0 15 8.5 1# центр в точке (4, 5), размеры 2x3
#Улитка
#ГЛАЗА
color 255 0 0
mesh 6 2
0.75 2.0 0.0 0.0 0.0 1.0 #0
1.0 2.5 0.0 0.0 0.0 1.0 #1
1.25 2.0 0.0 0.0 0.0 1.0 #2

2.25 2.0 0.0 0.0 0.0 1.0 #3
2.5 2.5 0.0 0.0 0.0 1.0 #4
2.75 2.0.0 0.0 0.0 1.0 0#5
#treug
0 1 2 0.0 0.0 1.0
3 4 5 0.0 0.0 1.0

#ЛИЦО
color 0 0 255
mesh 20 14
1.0 2.5 0.0 0.0 0.0 1.0 #0
2.0 3.5 0.0 0.0 0.0 1.0 #1
3.0 2.5 0.0 0.0 0.0 1.0 #2

0.5 2.0 0.0 0.0 0.0 1.0 #3
1.5 3.5 0.0 0.0 0.0 1.0 #4

1.5 1.5 0.0 0.0 0.0 1.0 #5
1.5 2.5 0.0 0.0 0.0 1.0 #6
2.5 1.5 0.0 0.0 0.0 1.0 #7

1.5 2.0 0.0 0.0 0.0 1.0 #8

2.5 2.5 0.0 #9
2.0 2.0 0.0 #10

3.0 0.5 0.0 #11
5.0 0.5 0.0 #12

2.5 2.5 0.0 #13
3.0 2.0 0.0 #14

1.5 0.5 0.0 #15

1.5 1.0 0.0 #16
2.0 1.0 0.0 #17

0.5 1.5 0.0 #18

1.0 1.5 0.0 #19

0 1 2 0.0 0.0 1.0 
3 4 1 0.0 0.0 1.0 
5 6 7 0.0 0.0 1.0
0 6 8 0.0 0.0 1.0
6 9 10 0.0 0.0 1.0
2 11 12 0.0 0.0 1.0
2 13 14 0.0 0.0 1.0
15 14 11 0.0 0.0 1.0
10 7 14 0.0 0.0 1.0
15 16 17 0.0 0.0 1.0
15 16 18 0.0 0.0 1.0
18 16 19 0.0 0.0 1.0
18 5 3 0.0 0.0 1.0
3 5 8 0.0 0.0 1.0

#Левое ухо
color 255 255 0
mesh 8 6
1.0 3.0 0.0 0.0 0.0 1.0 #0
1.5 3.5 0.0 0.0 0.0 1.0 #1
2.0 5.0 0.0 0.0 0.0 1.0 #2

1.5 5.0 0.0 0.0 0.0 1.0 #3

1.0 5.5 0.0 0.0 0.0 1.0 #4
1.5 6.5 0.0 0.0 0.0 1.0 #5

2.0 6.5 0.0 0.0 0.0 1.0 #6

2.5 5.5 0.0 0.0 0.0 1.0 #7

0 1 2 0.0 0.0 1.0
0 2 3 0.0 0.0 1.0
3 4 5 0.0 0.0 1.0
5 3 2 0.0 0.0 1.0
2 5 6 0.0 0.0 1.0
6 2 7 0.0 0.0 1.0

#Правое ухо
color 0 255 0
mesh 8 6
2.5 3.0 0.0 0.0 0.0 1.0 #0
3.0 2.5 0.0 0.0 0.0 1.0 #1
3.5 5.0 0.0 0.0 0.0 1.0 #2

3.0 5.0 0.0 0.0 0.0 1.0 #3

2.5 5.5 0.0 0.0 0.0 1.0 #4
3.0 6.5 0.0 0.0 0.0 1.0 #5

3.5 6.5 0.0 #6
4.0 5.5 0.0 #7
0 1 2 0.0 0.0 1.0
0 2 3 0.0 0.0 1.0
3 4 5 0.0 0.0 1.0
5 3 2 0.0 0.0 1.0
2 5 6 0.0 0.0 1.0
6 2 7 0.0 0.0 1.0
#Тело
color 255 0 255
mesh 15 13
5.0 0.5 0.0 0.0 0.0 1.0 #0
3.5 2.0 0.0 0.0 0.0 1.0 #1
7.0 1.0 0.0 0.0 0.0 1.0 #2

5.5 2.0 0.0 0.0 0.0 1.0 #3

4.0 2.5 0.0 0.0 0.0 1.0 #4

6.0 0.5 0.0 0.0 0.0 1.0 #5

7.5 1.5 0.0 0.0 0.0 1.0 #6

8.5 1.0 0.0 0.0 0.0 1.0 #7

9.5 2.0 0.0 0.0 0.0 1.0 #8

9.5 0.5 0.0 0.0 0.0 1.0 #9

10.5 0.5 0.0 0.0 0.0 1.0 #10

11.5 1.0 0.0 0.0 0.0 1.0 #11

11.0 3.0 0.0 0.0 0.0 1.0 #12

13.75 1.0 0.0 0.0 0.0 1.0 #13

12.5 1.0 0.0 0.0 0.0 1.0 #14
14.5 0.5 0.0 0.0 0.0 1.0 #15

0 1 2 0.0 0.0 1.0
1 2 3 0.0 0.0 1.0
1 3 4 0.0 0.0 1.0
0 2 5 0.0 0.0 1.0
2 3 6 0.0 0.0 1.0
2 6 7 0.0 0.0 1.0
6 7 8 0.0 0.0 1.0
7 8 9 0.0 0.0 1.0
8 9 10 0.0 0.0 1.0
8 10 11 0.0 0.0 1.0
8 11 12 0.0 0.0 1.0
11 12 13 0.0 0.0 1.0
13 14 15 0.0 0.0 1.0

#Панцирь
color 255 215 0
mesh 11 9
4.0 2.5 0.0 0.0 0.0 1.0 #0
10.5 2.5 0.0 0.0 0.0 1.0 #1
7.5 1.5 0.0 0.0 0.0 1.0 #2
5.0 6.5 0.0 0.0 0.0 1.0 #3
6.0 7.5 0.0 0.0 0.0 1.0 #4
7.5 8.0 0.0 0.0 0.0 1.0 #5
9.0 8.0 0.0 0.0 0.0 1.0 #6
10.5 7.5 0.0 0.0 0.0 1.0 #7
11.5 6.5 0.0 0.0 0.0 1.0 #8
12.0 5.0 0.0 0.0 0.0 1.0 #9
12.5 4.5 0.0 0.0 0.0 1.0 #10

0 1 2 0.0 0.0 1.0
0 1 3 0.0 0.0 1.0
3 1 4 0.0 0.0 1.0
4 1 5 0.0 0.0 1.0
5 1 6 0.0 0.0 1.0
6 1 7 0.0 0.0 1.0
7 1 8 0.0 0.0 1.0
8 1 9 0.0 0.0 1.0
9 1 10 0.0 0.0 1.0

scale 1.5	#Масштаб центральной улитки
pushTransform # сохранить отправную точку
rotate -90 0 0 1
translate 3 5 0
figure
popTransform
scale 0.5	#Масштаб остальных улиток
pushTransform

translate 4 0 0
rotate -90 0 0 1
translate 4 5 0
figure
popTransform
pushTransform

translate 4 0 0
rotate -30 0 0 1
translate 4 5 0
figure
popTransform
pushTransform

translate 4 0 0
rotate 30 0 0 1
translate 4 5 0
figure
popTransform
pushTransform

translate 4 0 0
rotate 90 0 0 1
translate 4 5 0
figure
popTransform
pushTransform

translate 4 0 0
rotate -120 0 0 1
translate 17 5 0
figure
popTransform
pushTransform

translate 4 0 0
rotate -60 0 0 1
translate 17 5 0
figure
popTransform
pushTransform

translate 4 0 0
rotate 180 0 0 1
translate 17 5 0
figure
popTransform
pushTransform

translate 4 0 0
rotate 60 0 0 1
translate 17 5 0
figure
popTransform
pushTransform

translate 4 0 0
rotate 120 0 0 1
translate 17 5 0
figure
popTransform

model 2.25 4.5 0 4.5 8 2
color 128 128 128 # серый цвет

mesh 39 31
# голова
0.5 3. 0. 0.0 0.0 1.0 #0 левая щека
1. 4.5 0. 0.0 0.0 1.0 #1 левое ухо слева снизу
0.5 6. 0. 0.0 0.0 1.0 #2 левое ухо слева середина
0.5 7.5 0. 0.0 0.0 1.0 #3 левое ухо верх слева
1. 8. 0. 0.0 0.0 1.0 #4 левое ухо верх середина слева
1.5 8. 0. 0.0 0.0 1.0 #5 левое ухо верх середина справа
2. 7.5 0. 0.0 0.0 1.0 #6 левое ухо крайняя правая
1.5 6. 0. 0.0 0.0 1.0 #7 левое ухо середина справа
1.5 4.5 0. 0.0 0.0 1.0 #8 макушка слева
3. 4.5 0. 0.0 0.0 1.0 #9 макушка справа
3. 6. 0. 0.0 0.0 1.0 #10 правое ухо середина слева
2.5 7.5 0. 0.0 0.0 1.0 #11 правое ухо крайняя левая
3. 8. 0. 0.0 0.0 1.0 #12 правое ухо верх середина слева
3.5 8. 0. 0.0 0.0 1.0 #13 правое ухо верх середина справа
4. 7.5 0. 0.0 0.0 1.0 #14 правое ухо сверху справа
4. 6. 0. 0.0 0.0 1.0 #15 правое ухо середина справа
3.5 4.5 0. 0.0 0.0 1.0 #16 правое ухо низ справа
4. 3. 0. 0.0 0.0 1.0 #17 правая щека
3.5 1.5 0. 0.0 0.0 1.0 #18 правая скула
2.5 1. 0. 0.0 0.0 1.0 #19 подбородок справа
2. 1. 0. 0.0 0.0 1.0 #20 подбородок слева
1. 1.5 0. 0.0 0.0 1.0 #21 левая скула
# глаза
# левый глаз
1.5 3.5 0. 0.0 0.0 1.0 #22 левый глаз слева верх
1.5 3. 0. 0.0 0.0 1.0 #23 левый глаз слева низ
2. 3. 0. 0.0 0.0 1.0 #24 левый глаз справа низ
2. 3.5 0. 0.0 0.0 1.0 #25 левый глаз справа верх
# правый глаз
2.5 3.5 0. 0.0 0.0 1.0 #26 правый глаз слева верх
2.5 3. 0. 0.0 0.0 1.0 #27 правый глаз слева низ
3. 3. 0. 0.0 0.0 1.0 #28 правый глаз справа низ
3. 3.5 0. 0.0 0.0 1.0 #29 правый глаз справа верх
# ушные раковины
# левая ушная раковина
1. 5.5 0. 0.0 0.0 1.0 #30 нижняя точка
1. 7. 0. 0.0 0.0 1.0 #31 верхняя левая
1.01 7. 0. 0.0 0.0 1.0 #32 верхняя правая (дополнительная)
# правая ушная раковина
3.5 5.5 0. 0.0 0.0 1.0 #33 нижняя точка
3.5 7. 0. 0.0 0.0 1.0 #34 верхняя правая
3.49 7. 0. 0.0 0.0 1.0 #35 верхняя левая (дополнительная)
# нос
2. 2.5 0. 0.0 0.0 1.0 #36 сверху слева
2.5 2.5 0. 0.0 0.0 1.0 #37 сверху справа
2.25 2. 0. 0.0 0.0 1.0 #38 низ
# треугольники
0 7 23 0.0 0.0 1.0 # левый большой треугольник от щеки до глаза
1 30 7 0.0 0.0 1.0 # нижняя часть левого уха
1 2 4 0.0 0.0 1.0 # больший треугольник левого уха
2 3 4 0.0 0.0 1.0 # левая верхушка левого уха
4 5 31 0.0 0.0 1.0 # верхушка левого уха
5 31 32 0.0 0.0 1.0 # тонкий треугольник сверху
5 32 7 0.0 0.0 1.0 # с двумя пунктирными ребрами
5 6 7 0.0 0.0 1.0 # правая верхушка левого уха
32 7 30 0.0 0.0 1.0 # середина левого уха
8 9 22 0.0 0.0 1.0 # лоб сверху
9 22 29 0.0 0.0 1.0 # лоб справа
24 25 27 0.0 0.0 1.0 # между глаз левый
25 27 26 0.0 0.0 1.0 # между глаз правый
0 17 36 0.0 0.0 1.0 # большой под глазами
36 37 17 0.0 0.0 1.0 # от носа до правой скулы
0 36 21 0.0 0.0 1.0 # левая щека
36 38 21 0.0 0.0 1.0 # слева от носа
38 20 21 0.0 0.0 1.0 # под носом слева
38 19 20 0.0 0.0 1.0 # самый нижний
38 18 19 0.0 0.0 1.0 # под носом вправа
37 18 38 0.0 0.0 1.0 # справа от носа
37 17 18 0.0 0.0 1.0 # правая щека
17 28 10 0.0 0.0 1.0 # большой треугольник справа
10 33 16 0.0 0.0 1.0 # нижняя часть правого уха
16 13 15 0.0 0.0 1.0 # большой треугольник правого уха
13 14 15 0.0 0.0 1.0 # правая верхушка правого уха
12 13 34 0.0 0.0 1.0 # верхушка правого уха
12 34 35 0.0 0.0 1.0 # тонкий треугольник сверху
12 35 10 0.0 0.0 1.0 # правый треугольник с синим пунктиром
10 11 12 0.0 0.0 1.0 # левая верхушка правого уха
10 35 33 0.0 0.0 1.0 # средняя часть правого уха
scale 1.5
pushTransform
rotate 90 0 0 1
translate 17 5 0
figure
popTransform
scale 0.5
pushTransform

translate 4 0 0
rotate -120 0 0 1
translate 4 5 0
figure
popTransform
pushTransform

translate 4 0 0
rotate -60 0 0 1
translate 4 5 0
figure
popTransform
pushTransform

translate 4 0 0
#rotate 0 0 0 1
translate 4 5 0
figure
popTransform
pushTransform

translate 4 0 0
rotate 60 0 0 1
translate 4 5 0
figure
popTransform
pushTransform

translate 4 0 0
rotate 120 0 0 1
translate 4 5 0
figure
popTransform
pushTransform

translate 4 0 0
rotate 90 0 0 1
translate 17 5 0
figure
popTransform
pushTransform

translate 4 0 0
rotate 150 0 0 1
translate 17 5 0
figure
popTransform
pushTransform

translate 4 0 0
rotate -150 0 0 1
translate 17 5 0
figure
popTransform
pushTransform

translate 4 0 0
rotate -90 0 0 1
translate 17 5 0
figure
popTransform
pushTransform